{
 "cells": [
  {
   "cell_type": "markdown",
   "metadata": {},
   "source": [
    "# Práctico 5 informe"
   ]
  },
  {
   "cell_type": "code",
   "execution_count": 2,
   "metadata": {},
   "outputs": [],
   "source": [
    "import numpy as np\n",
    "import pandas as pd\n",
    "%matplotlib inline\n",
    "from matplotlib import pyplot as plt\n",
    "from matplotlib.lines import Line2D\n",
    "from mpl_toolkits.mplot3d import Axes3D\n",
    "from mpl_toolkits.mplot3d import proj3d\n",
    "np.set_printoptions(suppress=True,precision=3)\n",
    "from matplotlib.patches import FancyArrowPatch\n",
    "from run import load_data, run"
   ]
  },
  {
   "cell_type": "markdown",
   "metadata": {},
   "source": [
    "### Carga de datos"
   ]
  },
  {
   "cell_type": "markdown",
   "metadata": {},
   "source": [
    "Explicar dataset "
   ]
  },
  {
   "cell_type": "code",
   "execution_count": 3,
   "metadata": {},
   "outputs": [],
   "source": [
    "# Cargamos las preguntas questions y los datos completos data\n",
    "questions, data = load_data()"
   ]
  },
  {
   "cell_type": "markdown",
   "metadata": {},
   "source": [
    "## PCA - Principal Component Analysis\n",
    "\n",
    "El Análisis de componentes principales (O PCA, por sus siglas en inglés) es un mecanismo para reducir las dimensiones de un dataset de $N$ a $n$ ($n < N$), proyectandolo sobre las $n$ más caracaterísticas del mismo. \n",
    "\n",
    "Esta reducción genera perdida de información, pero se minimiza por construcción del algoritmo."
   ]
  },
  {
   "cell_type": "markdown",
   "metadata": {},
   "source": [
    "## Paso a Paso con el dataset aquienvoto.uy\n",
    "\n",
    "En esta sección se planea explicar el funcionamiento del algorítmo, con un paso a paso con el dataset que nos compete.\n",
    "\n",
    "### Centrado en el origen\n",
    "Como decíamos, la idea final del algoritmo es proyectar sobre las $n$ dimensiones que mejor representan al dataset. En nuestro caso, $n = 2$. \n",
    "\n",
    "Para lograr esto, vamos a necesitar utilizar toda nuestra artilleria de álgebra lineal, aplicando una proyección ortogonal sobre las observaciones. Como suele ser usual, la información debe estar centrada a en el origen, por lo restamos la media a cada dimensión.\n"
   ]
  },
  {
   "cell_type": "code",
   "execution_count": 4,
   "metadata": {},
   "outputs": [
    {
     "name": "stdout",
     "output_type": "stream",
     "text": [
      "             1        2         3         4         5         6         7  \\\n",
      "19998  0.99097  0.17903 -0.069036  1.490954  1.809566  0.875982 -0.295405   \n",
      "19999 -0.00903  0.17903  1.930964 -0.509046  0.809566 -0.124018 -1.295405   \n",
      "20000 -1.00903 -0.82097  0.930964 -0.509046  0.809566 -0.124018 -1.295405   \n",
      "20001  0.99097  0.17903 -0.069036  1.490954  0.809566 -0.124018 -0.295405   \n",
      "20002  0.99097  1.17903 -0.069036  0.490954  0.809566  0.875982  1.704595   \n",
      "20003 -1.00903  1.17903  1.930964 -1.509046  0.809566  0.875982 -2.295405   \n",
      "20004 -0.00903  1.17903  1.930964 -1.509046 -1.190434  0.875982  0.704595   \n",
      "20005 -1.00903 -1.82097  1.930964 -0.509046 -0.190434 -2.124018 -2.295405   \n",
      "20006 -0.00903 -1.82097  1.930964  0.490954  0.809566 -1.124018 -1.295405   \n",
      "20007 -0.00903  0.17903  1.930964 -0.509046  0.809566 -0.124018 -2.295405   \n",
      "20008 -2.00903 -1.82097  1.930964 -1.509046  1.809566 -3.124018 -2.295405   \n",
      "20009  0.99097  0.17903  1.930964  0.490954  0.809566 -0.124018  0.704595   \n",
      "20010 -2.00903 -0.82097  0.930964 -1.509046 -0.190434 -1.124018  0.704595   \n",
      "20011  0.99097  0.17903  0.930964 -0.509046  0.809566 -0.124018 -0.295405   \n",
      "20012 -1.00903 -1.82097  1.930964 -1.509046 -0.190434  0.875982  0.704595   \n",
      "20013 -2.00903 -2.82097  1.930964 -0.509046  1.809566 -0.124018 -2.295405   \n",
      "20014 -1.00903 -0.82097  1.930964 -0.509046  0.809566 -1.124018 -1.295405   \n",
      "20015 -2.00903 -2.82097  0.930964 -1.509046 -0.190434 -2.124018  1.704595   \n",
      "20016 -1.00903  0.17903  0.930964  0.490954  1.809566 -1.124018 -1.295405   \n",
      "20017 -2.00903 -2.82097  1.930964 -1.509046  1.809566 -3.124018 -2.295405   \n",
      "20018 -0.00903  0.17903  0.930964  1.490954  0.809566  0.875982 -1.295405   \n",
      "20019 -1.00903 -1.82097 -1.069036 -0.509046  1.809566 -0.124018 -1.295405   \n",
      "20020 -0.00903  0.17903 -1.069036  1.490954  0.809566  0.875982  1.704595   \n",
      "20021 -1.00903  0.17903 -1.069036 -0.509046  1.809566 -0.124018 -1.295405   \n",
      "20022 -0.00903 -0.82097 -0.069036 -1.509046 -0.190434  0.875982 -0.295405   \n",
      "20023 -1.00903  1.17903 -0.069036  0.490954  0.809566 -0.124018 -0.295405   \n",
      "20024 -1.00903 -1.82097  1.930964  1.490954  1.809566 -0.124018 -2.295405   \n",
      "20025 -1.00903  1.17903  0.930964  0.490954  1.809566 -0.124018 -1.295405   \n",
      "20026 -1.00903  0.17903  0.930964 -1.509046 -0.190434 -0.124018  0.704595   \n",
      "20027 -2.00903 -1.82097  1.930964 -1.509046  1.809566  0.875982  0.704595   \n",
      "...        ...      ...       ...       ...       ...       ...       ...   \n",
      "12215 -1.00903 -0.82097  0.930964 -0.509046  0.809566 -2.124018 -1.295405   \n",
      "12216  0.99097  0.17903 -1.069036 -1.509046 -0.190434  0.875982 -0.295405   \n",
      "12217 -0.00903 -0.82097 -0.069036 -0.509046 -0.190434 -0.124018  1.704595   \n",
      "12218 -1.00903 -0.82097  0.930964 -0.509046  0.809566 -0.124018 -1.295405   \n",
      "12219 -2.00903 -2.82097  1.930964 -1.509046  0.809566 -3.124018 -2.295405   \n",
      "12220 -2.00903 -0.82097  1.930964 -1.509046  1.809566 -3.124018 -2.295405   \n",
      "12221 -2.00903 -2.82097  1.930964 -1.509046  1.809566 -3.124018  1.704595   \n",
      "12222 -2.00903  1.17903  1.930964 -1.509046  1.809566  0.875982  1.704595   \n",
      "12223 -2.00903 -1.82097  1.930964 -1.509046 -0.190434 -0.124018 -1.295405   \n",
      "12224  1.99097  1.17903 -1.069036  0.490954 -2.190434  0.875982  0.704595   \n",
      "12225 -1.00903  0.17903  0.930964  1.490954  0.809566 -0.124018 -1.295405   \n",
      "12226 -0.00903  1.17903  0.930964 -1.509046  0.809566 -0.124018 -0.295405   \n",
      "12227  0.99097  0.17903  1.930964 -1.509046  1.809566  0.875982  0.704595   \n",
      "12228 -1.00903  1.17903  1.930964 -1.509046 -1.190434 -2.124018 -2.295405   \n",
      "12229 -2.00903 -2.82097  1.930964 -0.509046  0.809566 -1.124018 -2.295405   \n",
      "12230  1.99097  1.17903 -2.069036  2.490954 -2.190434  0.875982  1.704595   \n",
      "12231 -1.00903 -0.82097  1.930964 -1.509046 -1.190434 -3.124018 -2.295405   \n",
      "12232 -0.00903  1.17903  1.930964 -0.509046  0.809566 -0.124018 -0.295405   \n",
      "12233 -2.00903  1.17903  1.930964 -1.509046 -2.190434 -1.124018 -0.295405   \n",
      "12234 -2.00903  1.17903  1.930964 -1.509046 -1.190434 -1.124018 -0.295405   \n",
      "12235 -2.00903  1.17903  1.930964 -1.509046 -2.190434  0.875982 -2.295405   \n",
      "12236 -0.00903  0.17903  1.930964 -0.509046 -2.190434  0.875982  0.704595   \n",
      "12237 -1.00903 -2.82097  1.930964  1.490954 -2.190434 -2.124018 -1.295405   \n",
      "12238 -0.00903  0.17903 -2.069036 -0.509046 -0.190434 -0.124018 -0.295405   \n",
      "12239  1.99097 -2.82097  1.930964 -1.509046  1.809566 -3.124018 -2.295405   \n",
      "12240 -2.00903  0.17903  1.930964 -1.509046 -2.190434 -3.124018 -2.295405   \n",
      "12241 -0.00903  0.17903  0.930964 -1.509046 -0.190434  0.875982 -0.295405   \n",
      "12242 -0.00903 -1.82097 -1.069036 -0.509046 -0.190434  0.875982 -2.295405   \n",
      "12243 -0.00903 -0.82097  1.930964 -1.509046 -1.190434 -1.124018 -2.295405   \n",
      "12244 -2.00903 -2.82097  1.930964 -1.509046 -0.190434 -3.124018 -2.295405   \n",
      "\n",
      "              8         9        10  ...       17        18        19  \\\n",
      "19998 -1.595278 -0.949487  0.436281  ... -2.37945  1.228342 -1.614263   \n",
      "19999 -1.595278  0.050513  0.436281  ... -2.37945  2.228342 -0.614263   \n",
      "20000 -1.595278  0.050513 -0.563719  ... -2.37945  1.228342 -0.614263   \n",
      "20001 -0.595278  0.050513  0.436281  ...  0.62055  1.228342 -0.614263   \n",
      "20002  0.404722 -0.949487 -0.563719  ...  0.62055 -0.771658  0.385737   \n",
      "20003 -2.595278  1.050513  1.436281  ... -2.37945  1.228342 -0.614263   \n",
      "20004  0.404722  1.050513 -0.563719  ...  0.62055  2.228342 -0.614263   \n",
      "20005  0.404722  0.050513  0.436281  ... -1.37945  1.228342 -1.614263   \n",
      "20006 -0.595278  0.050513  0.436281  ... -1.37945  0.228342 -0.614263   \n",
      "20007 -1.595278  0.050513 -1.563719  ... -2.37945  2.228342 -1.614263   \n",
      "20008 -1.595278  0.050513  1.436281  ... -2.37945  1.228342 -1.614263   \n",
      "20009 -0.595278  0.050513  0.436281  ...  0.62055  2.228342  0.385737   \n",
      "20010 -1.595278  1.050513 -0.563719  ... -2.37945 -1.771658 -1.614263   \n",
      "20011  0.404722  0.050513 -0.563719  ...  0.62055 -0.771658 -0.614263   \n",
      "20012 -1.595278 -1.949487  0.436281  ... -1.37945 -0.771658 -1.614263   \n",
      "20013 -2.595278  0.050513  1.436281  ... -2.37945  2.228342 -1.614263   \n",
      "20014 -1.595278  0.050513  0.436281  ... -2.37945  1.228342  0.385737   \n",
      "20015  1.404722  1.050513  1.436281  ... -2.37945  1.228342 -1.614263   \n",
      "20016 -2.595278  0.050513  0.436281  ... -2.37945  2.228342 -1.614263   \n",
      "20017 -2.595278 -2.949487 -2.563719  ... -2.37945  2.228342 -1.614263   \n",
      "20018 -1.595278  0.050513  1.436281  ...  0.62055 -0.771658 -0.614263   \n",
      "20019  0.404722  0.050513 -0.563719  ... -1.37945  0.228342 -0.614263   \n",
      "20020 -1.595278  0.050513  1.436281  ...  0.62055  1.228342 -0.614263   \n",
      "20021 -2.595278  1.050513  0.436281  ... -1.37945 -0.771658  0.385737   \n",
      "20022  1.404722 -1.949487  1.436281  ... -0.37945  1.228342  0.385737   \n",
      "20023 -1.595278  0.050513 -0.563719  ... -0.37945 -0.771658 -1.614263   \n",
      "20024 -1.595278  0.050513  0.436281  ... -2.37945  1.228342 -1.614263   \n",
      "20025 -0.595278  0.050513 -0.563719  ... -2.37945  1.228342 -1.614263   \n",
      "20026  0.404722  0.050513  0.436281  ...  0.62055 -0.771658 -0.614263   \n",
      "20027  1.404722  1.050513  1.436281  ... -2.37945  1.228342 -1.614263   \n",
      "...         ...       ...       ...  ...      ...       ...       ...   \n",
      "12215  0.404722  0.050513 -0.563719  ...  0.62055  0.228342  0.385737   \n",
      "12216  0.404722  1.050513  1.436281  ...  1.62055 -1.771658  0.385737   \n",
      "12217 -0.595278  0.050513  1.436281  ... -0.37945  0.228342  0.385737   \n",
      "12218 -1.595278 -0.949487  0.436281  ... -0.37945  2.228342 -1.614263   \n",
      "12219 -2.595278 -2.949487  1.436281  ... -2.37945  2.228342 -1.614263   \n",
      "12220 -0.595278 -2.949487  1.436281  ... -2.37945  2.228342 -1.614263   \n",
      "12221  1.404722 -2.949487 -2.563719  ... -2.37945  2.228342 -1.614263   \n",
      "12222 -1.595278  1.050513  1.436281  ... -2.37945  0.228342  0.385737   \n",
      "12223  0.404722  0.050513  0.436281  ... -2.37945 -0.771658 -1.614263   \n",
      "12224  0.404722  0.050513  0.436281  ...  1.62055 -1.771658  2.385737   \n",
      "12225 -1.595278  0.050513  0.436281  ... -1.37945  2.228342 -0.614263   \n",
      "12226  0.404722  1.050513 -0.563719  ... -2.37945  0.228342  0.385737   \n",
      "12227  0.404722  0.050513  1.436281  ... -0.37945  1.228342 -1.614263   \n",
      "12228  1.404722 -2.949487 -1.563719  ... -0.37945  1.228342 -1.614263   \n",
      "12229 -1.595278  0.050513  1.436281  ... -2.37945  0.228342 -1.614263   \n",
      "12230  1.404722  0.050513 -2.563719  ...  1.62055  1.228342  2.385737   \n",
      "12231  0.404722 -2.949487 -1.563719  ... -2.37945  2.228342 -1.614263   \n",
      "12232 -1.595278  0.050513  1.436281  ... -2.37945 -0.771658 -1.614263   \n",
      "12233  0.404722 -1.949487  0.436281  ...  1.62055  2.228342  2.385737   \n",
      "12234  1.404722 -2.949487  0.436281  ...  0.62055  2.228342  2.385737   \n",
      "12235  1.404722 -2.949487  1.436281  ...  1.62055  2.228342  2.385737   \n",
      "12236 -0.595278  0.050513  1.436281  ...  1.62055  0.228342  1.385737   \n",
      "12237 -1.595278 -2.949487  1.436281  ... -2.37945  2.228342 -1.614263   \n",
      "12238  0.404722  0.050513  0.436281  ... -1.37945 -1.771658 -1.614263   \n",
      "12239 -2.595278 -2.949487  1.436281  ...  1.62055  2.228342 -1.614263   \n",
      "12240 -1.595278 -1.949487 -0.563719  ...  0.62055  0.228342 -0.614263   \n",
      "12241  0.404722  0.050513  1.436281  ... -2.37945 -0.771658 -1.614263   \n",
      "12242  1.404722  0.050513 -0.563719  ...  0.62055  0.228342 -0.614263   \n",
      "12243 -2.595278 -0.949487 -1.563719  ... -2.37945 -1.771658 -1.614263   \n",
      "12244  1.404722 -2.949487 -0.563719  ... -2.37945  2.228342 -1.614263   \n",
      "\n",
      "            20        21        22        23        24        25        26  \n",
      "19998 -1.72133 -2.070022 -2.393565  0.578605 -1.763954 -1.021296  0.520726  \n",
      "19999 -1.72133 -2.070022 -1.393565  0.578605 -1.763954 -1.021296 -1.479274  \n",
      "20000 -1.72133 -1.070022 -1.393565  0.578605 -1.763954 -1.021296 -0.479274  \n",
      "20001  0.27867 -0.070022 -1.393565  0.578605 -0.763954 -0.021296 -0.479274  \n",
      "20002 -0.72133  0.929978  0.606435  0.578605 -0.763954 -1.021296  0.520726  \n",
      "20003 -1.72133 -2.070022 -2.393565  0.578605 -1.763954 -1.021296  0.520726  \n",
      "20004 -0.72133  0.929978  1.606435  0.578605 -1.763954 -1.021296  0.520726  \n",
      "20005 -1.72133 -2.070022 -2.393565  0.578605 -1.763954 -1.021296 -0.479274  \n",
      "20006 -1.72133 -1.070022  1.606435  0.578605 -1.763954 -1.021296  0.520726  \n",
      "20007 -1.72133 -2.070022 -2.393565  0.578605 -1.763954 -1.021296  0.520726  \n",
      "20008 -1.72133 -1.070022  0.606435  0.578605 -1.763954 -1.021296  0.520726  \n",
      "20009 -1.72133  0.929978  1.606435  0.578605 -1.763954 -1.021296 -0.479274  \n",
      "20010  1.27867  0.929978  0.606435 -0.421395 -0.763954  0.978704 -0.479274  \n",
      "20011 -1.72133 -1.070022  0.606435  0.578605 -0.763954 -1.021296 -0.479274  \n",
      "20012 -1.72133  0.929978 -0.393565  0.578605 -1.763954 -1.021296  0.520726  \n",
      "20013 -1.72133 -2.070022 -2.393565  0.578605 -1.763954 -1.021296  0.520726  \n",
      "20014 -1.72133 -2.070022 -2.393565  0.578605 -1.763954 -1.021296 -0.479274  \n",
      "20015 -1.72133 -1.070022  1.606435  0.578605 -1.763954 -1.021296  0.520726  \n",
      "20016 -1.72133 -2.070022 -1.393565  0.578605 -0.763954 -1.021296  0.520726  \n",
      "20017 -1.72133 -2.070022 -2.393565 -3.421395 -1.763954 -1.021296 -3.479274  \n",
      "20018 -1.72133 -1.070022 -1.393565  0.578605 -1.763954 -1.021296  0.520726  \n",
      "20019 -0.72133 -2.070022 -1.393565  0.578605 -1.763954 -1.021296 -0.479274  \n",
      "20020  0.27867 -0.070022 -0.393565  0.578605 -0.763954 -0.021296 -0.479274  \n",
      "20021 -0.72133 -1.070022 -1.393565  0.578605 -0.763954 -1.021296  0.520726  \n",
      "20022 -1.72133 -1.070022 -1.393565  0.578605 -0.763954 -1.021296  0.520726  \n",
      "20023 -1.72133 -1.070022 -0.393565  0.578605 -0.763954 -1.021296  0.520726  \n",
      "20024 -1.72133 -2.070022 -2.393565  0.578605 -1.763954 -1.021296  0.520726  \n",
      "20025 -1.72133 -2.070022 -1.393565  0.578605 -0.763954 -1.021296  0.520726  \n",
      "20026 -0.72133 -1.070022 -1.393565  0.578605 -0.763954 -1.021296 -0.479274  \n",
      "20027 -1.72133 -2.070022  0.606435  0.578605 -1.763954 -1.021296  0.520726  \n",
      "...        ...       ...       ...       ...       ...       ...       ...  \n",
      "12215 -0.72133 -1.070022  1.606435  0.578605 -1.763954 -1.021296  0.520726  \n",
      "12216 -1.72133 -2.070022 -2.393565  0.578605 -1.763954 -1.021296 -1.479274  \n",
      "12217  1.27867 -1.070022  0.606435 -0.421395 -1.763954 -1.021296 -1.479274  \n",
      "12218 -1.72133 -1.070022 -1.393565  0.578605 -1.763954 -1.021296 -1.479274  \n",
      "12219 -1.72133 -2.070022 -2.393565  0.578605 -1.763954 -1.021296  0.520726  \n",
      "12220 -1.72133 -2.070022 -2.393565  0.578605 -1.763954 -1.021296  0.520726  \n",
      "12221 -1.72133 -2.070022 -2.393565  0.578605 -1.763954 -1.021296  0.520726  \n",
      "12222  0.27867 -0.070022  1.606435  0.578605 -1.763954 -1.021296  0.520726  \n",
      "12223  0.27867 -2.070022  1.606435  0.578605  1.236046 -0.021296  0.520726  \n",
      "12224  2.27867  0.929978  1.606435  0.578605  2.236046  2.978704 -3.479274  \n",
      "12225 -1.72133 -2.070022 -2.393565  0.578605 -1.763954 -1.021296  0.520726  \n",
      "12226 -1.72133 -2.070022 -2.393565  0.578605 -1.763954 -1.021296  0.520726  \n",
      "12227 -1.72133 -2.070022 -2.393565 -1.421395  0.236046 -1.021296  0.520726  \n",
      "12228 -1.72133 -0.070022  1.606435  0.578605 -1.763954 -0.021296  0.520726  \n",
      "12229 -1.72133 -1.070022 -2.393565  0.578605 -1.763954 -1.021296  0.520726  \n",
      "12230 -1.72133  1.929978 -1.393565  0.578605 -0.763954 -1.021296  0.520726  \n",
      "12231 -1.72133 -1.070022  0.606435  0.578605  1.236046 -1.021296  0.520726  \n",
      "12232 -1.72133 -2.070022 -2.393565  0.578605 -1.763954 -1.021296  0.520726  \n",
      "12233 -1.72133  1.929978  1.606435  0.578605 -1.763954 -1.021296 -1.479274  \n",
      "12234 -1.72133  1.929978  1.606435  0.578605 -1.763954 -1.021296 -1.479274  \n",
      "12235 -1.72133  1.929978  1.606435  0.578605 -1.763954 -1.021296 -1.479274  \n",
      "12236  2.27867  1.929978 -0.393565  0.578605  2.236046  0.978704  0.520726  \n",
      "12237 -1.72133 -2.070022 -2.393565  0.578605 -1.763954 -1.021296 -0.479274  \n",
      "12238 -1.72133 -2.070022 -2.393565  0.578605 -0.763954  0.978704 -1.479274  \n",
      "12239  0.27867 -2.070022  1.606435  0.578605 -1.763954 -1.021296 -2.479274  \n",
      "12240 -1.72133 -2.070022 -2.393565  0.578605 -1.763954 -1.021296 -0.479274  \n",
      "12241 -1.72133 -2.070022 -1.393565  0.578605 -1.763954 -1.021296 -0.479274  \n",
      "12242 -0.72133  0.929978 -1.393565  0.578605  0.236046 -1.021296  0.520726  \n",
      "12243 -1.72133 -2.070022 -2.393565  0.578605 -1.763954 -1.021296 -0.479274  \n",
      "12244  0.27867 -2.070022 -2.393565  0.578605 -1.763954 -1.021296  0.520726  \n",
      "\n",
      "[32447 rows x 26 columns]\n"
     ]
    }
   ],
   "source": [
    "questions_adjust = questions - questions.mean(axis=0)\n",
    "print (questions_adjust)"
   ]
  },
  {
   "cell_type": "markdown",
   "metadata": {},
   "source": []
  },
  {
   "cell_type": "markdown",
   "metadata": {},
   "source": [
    "\n",
    "### Matriz de covarianza \n",
    "Calculamos la matriz de covarianza. Dado que nuestra idea es quedarnos con las dimensiones más representativas, tener una medida que relacione el crecimiento de estas, es fundamental.\n",
    "\n",
    "Recordemos que una covarianza positiva entre dos variables aleatorias $X$ e $Y$ significa que crecen juntas, negativa que crecen inversamente, y 0 es que son independientes.\n",
    "\n"
   ]
  },
  {
   "cell_type": "code",
   "execution_count": 17,
   "metadata": {},
   "outputs": [
    {
     "name": "stdout",
     "output_type": "stream",
     "text": [
      "Cantidad de dimensiones que crecen juntos:486\n",
      "Cantidad de dimensiones que crecen inversamente:190\n",
      "Cantidad de dimensiones independientes:0\n",
      "[[ 1.554  0.439 -0.334  0.362 -0.18   0.375  0.472  0.258  0.282 -0.092\n",
      "   0.207  0.335  0.163  0.389  0.38   0.12   0.491 -0.246  0.317  0.468\n",
      "   0.457  0.416 -0.063  0.418  0.303  0.034]\n",
      " [ 0.439  2.087 -0.817  0.538 -0.585  0.978  0.933  0.56   0.469 -0.199\n",
      "   0.264  0.735  0.437  0.907  0.793  0.314  1.134 -0.522  0.563  1.018\n",
      "   0.938  0.881 -0.112  0.953  0.573  0.182]\n",
      " [-0.334 -0.817  2.315 -0.451  0.854 -0.76  -0.998 -0.59  -0.349  0.523\n",
      "  -0.125 -0.8   -0.219 -1.068 -0.772 -0.156 -1.234  0.83  -0.659 -1.177\n",
      "  -1.002 -0.872  0.357 -1.167 -0.738  0.   ]\n",
      " [ 0.362  0.538 -0.451  2.076 -0.135  0.475  0.639  0.129  0.348 -0.248\n",
      "   0.151  0.331  0.127  0.419  0.494  0.086  0.57  -0.169  0.238  0.585\n",
      "   0.538  0.553 -0.066  0.419  0.354 -0.009]\n",
      " [-0.18  -0.585  0.854 -0.135  2.275 -0.447 -0.676 -0.586 -0.015  0.164\n",
      "   0.081 -0.72  -0.199 -0.886 -0.511 -0.127 -1.013  0.665 -0.708 -1.108\n",
      "  -0.942 -0.708  0.323 -1.145 -0.73  -0.06 ]\n",
      " [ 0.375  0.978 -0.76   0.475 -0.447  1.687  0.892  0.552  0.5   -0.109\n",
      "   0.351  0.753  0.432  0.881  0.721  0.299  1.106 -0.569  0.602  0.906\n",
      "   0.936  0.851 -0.093  0.882  0.485  0.176]\n",
      " [ 0.472  0.933 -0.998  0.639 -0.676  0.892  2.219  0.751  0.541 -0.227\n",
      "   0.435  0.938  0.377  1.112  0.914  0.287  1.329 -0.661  0.768  1.118\n",
      "   1.063  0.969 -0.195  1.044  0.677  0.118]\n",
      " [ 0.258  0.56  -0.59   0.129 -0.586  0.552  0.751  1.596  0.353 -0.002\n",
      "   0.362  0.657  0.317  0.826  0.545  0.276  0.889 -0.525  0.627  0.809\n",
      "   0.741  0.59  -0.2    0.877  0.554  0.186]\n",
      " [ 0.282  0.469 -0.349  0.348 -0.015  0.5    0.541  0.353  1.223 -0.063\n",
      "   0.321  0.336  0.247  0.441  0.461  0.228  0.538 -0.244  0.232  0.401\n",
      "   0.429  0.422  0.003  0.359  0.229  0.128]\n",
      " [-0.092 -0.199  0.523 -0.248  0.164 -0.109 -0.227 -0.002 -0.063  1.71\n",
      "   0.145  0.04   0.109 -0.096 -0.111  0.091 -0.149  0.248  0.093 -0.238\n",
      "  -0.14  -0.186  0.115 -0.16  -0.21   0.097]\n",
      " [ 0.207  0.264 -0.125  0.151  0.081  0.351  0.435  0.362  0.321  0.145\n",
      "   2.516  0.647  0.253  0.569  0.433  0.193  0.586 -0.207  0.472  0.331\n",
      "   0.432  0.401 -0.114  0.383  0.179  0.016]\n",
      " [ 0.335  0.735 -0.8    0.331 -0.72   0.753  0.938  0.657  0.336  0.04\n",
      "   0.647  2.938  0.47   1.386  0.913  0.263  1.626 -0.684  1.128  1.149\n",
      "   1.113  0.975 -0.348  1.115  0.54  -0.019]\n",
      " [ 0.163  0.437 -0.219  0.127 -0.199  0.432  0.377  0.317  0.247  0.109\n",
      "   0.253  0.47   0.928  0.451  0.338  0.286  0.62  -0.229  0.305  0.404\n",
      "   0.44   0.415  0.061  0.416  0.187  0.212]\n",
      " [ 0.389  0.907 -1.068  0.419 -0.886  0.881  1.112  0.826  0.441 -0.096\n",
      "   0.569  1.386  0.451  2.503  1.055  0.39   1.69  -0.888  1.086  1.404\n",
      "   1.251  1.063 -0.42   1.452  0.901  0.09 ]\n",
      " [ 0.38   0.793 -0.772  0.494 -0.511  0.721  0.914  0.545  0.461 -0.111\n",
      "   0.433  0.913  0.338  1.055  2.253  0.331  1.157 -0.465  0.686  0.949\n",
      "   0.896  0.779 -0.259  0.901  0.601  0.072]\n",
      " [ 0.12   0.314 -0.156  0.086 -0.127  0.299  0.287  0.276  0.228  0.091\n",
      "   0.193  0.263  0.286  0.39   0.331  1.205  0.425 -0.176  0.176  0.27\n",
      "   0.263  0.267  0.031  0.303  0.151  0.211]\n",
      " [ 0.491  1.134 -1.234  0.57  -1.013  1.106  1.329  0.889  0.538 -0.149\n",
      "   0.586  1.626  0.62   1.69   1.157  0.425  2.965 -0.992  1.181  1.634\n",
      "   1.55   1.362 -0.336  1.61   0.947  0.114]\n",
      " [-0.246 -0.522  0.83  -0.169  0.665 -0.569 -0.661 -0.525 -0.244  0.248\n",
      "  -0.207 -0.684 -0.229 -0.888 -0.465 -0.176 -0.992  2.458 -0.58  -0.87\n",
      "  -0.838 -0.653  0.303 -0.949 -0.603 -0.021]\n",
      " [ 0.317  0.563 -0.659  0.238 -0.708  0.602  0.768  0.627  0.232  0.093\n",
      "   0.472  1.128  0.305  1.086  0.686  0.176  1.181 -0.58   2.134  1.183\n",
      "   1.103  0.868 -0.351  1.157  0.735  0.004]\n",
      " [ 0.468  1.018 -1.177  0.585 -1.108  0.906  1.118  0.809  0.401 -0.238\n",
      "   0.331  1.149  0.404  1.404  0.949  0.27   1.634 -0.87   1.183  2.851\n",
      "   1.834  1.415 -0.442  1.87   1.391  0.1  ]\n",
      " [ 0.457  0.938 -1.002  0.538 -0.942  0.936  1.063  0.741  0.429 -0.14\n",
      "   0.432  1.113  0.44   1.251  0.896  0.263  1.55  -0.838  1.103  1.834\n",
      "   2.696  1.642 -0.334  1.522  1.147  0.092]\n",
      " [ 0.416  0.881 -0.872  0.553 -0.708  0.851  0.969  0.59   0.422 -0.186\n",
      "   0.401  0.975  0.415  1.063  0.779  0.267  1.362 -0.653  0.868  1.415\n",
      "   1.642  2.783 -0.207  1.168  0.843  0.093]\n",
      " [-0.063 -0.112  0.357 -0.066  0.323 -0.093 -0.195 -0.2    0.003  0.115\n",
      "  -0.114 -0.348  0.061 -0.42  -0.259  0.031 -0.336  0.303 -0.351 -0.442\n",
      "  -0.334 -0.207  1.222 -0.505 -0.551  0.164]\n",
      " [ 0.418  0.953 -1.167  0.419 -1.145  0.882  1.044  0.877  0.359 -0.16\n",
      "   0.383  1.115  0.416  1.452  0.901  0.303  1.61  -0.949  1.157  1.87\n",
      "   1.522  1.168 -0.505  2.89   1.446  0.137]\n",
      " [ 0.303  0.573 -0.738  0.354 -0.73   0.485  0.677  0.554  0.229 -0.21\n",
      "   0.179  0.54   0.187  0.901  0.601  0.151  0.947 -0.603  0.735  1.391\n",
      "   1.147  0.843 -0.551  1.446  2.253  0.044]\n",
      " [ 0.034  0.182  0.    -0.009 -0.06   0.176  0.118  0.186  0.128  0.097\n",
      "   0.016 -0.019  0.212  0.09   0.072  0.211  0.114 -0.021  0.004  0.1\n",
      "   0.092  0.093  0.164  0.137  0.044  0.787]]\n"
     ]
    }
   ],
   "source": [
    "cvm=np.cov(questions_adjust, rowvar = False)\n",
    "print('Cantidad de dimensiones que crecen juntos:' + str(len(cvm[cvm > 0])))\n",
    "print('Cantidad de dimensiones que crecen inversamente:' + str(len(cvm[cvm < 0])))\n",
    "print('Cantidad de dimensiones independientes:' + str(len(cvm[cvm == 0])))\n",
    "print (cvm)"
   ]
  },
  {
   "cell_type": "markdown",
   "metadata": {},
   "source": [
    "### Obtenemos los vectores y valores propios\n",
    "Queremos obtener las direcciones de mayor varianza, para proyectar sobre ellas. Estas, estaran dadas por los vectores propios con mayor valor propio asociado, los cuales pertenecen a la recta Real por ser la matriz simétrica (Recordemos el Teorema Espectral para Operadores Simétricos)."
   ]
  },
  {
   "cell_type": "code",
   "execution_count": 18,
   "metadata": {},
   "outputs": [
    {
     "name": "stdout",
     "output_type": "stream",
     "text": [
      "Valor propio 1 de la matriz de covarianza 19.062306025668796\n",
      "Vector propio:\n",
      "[[-0.092]\n",
      " [-0.198]\n",
      " [ 0.218]\n",
      " [-0.107]\n",
      " [ 0.184]\n",
      " [-0.186]\n",
      " [-0.227]\n",
      " [-0.158]\n",
      " [-0.092]\n",
      " [ 0.036]\n",
      " [-0.096]\n",
      " [-0.244]\n",
      " [-0.088]\n",
      " [-0.273]\n",
      " [-0.198]\n",
      " [-0.064]\n",
      " [-0.317]\n",
      " [ 0.174]\n",
      " [-0.208]\n",
      " [-0.306]\n",
      " [-0.286]\n",
      " [-0.248]\n",
      " [ 0.073]\n",
      " [-0.297]\n",
      " [-0.2  ]\n",
      " [-0.02 ]]\n",
      "Valor propio 2 de la matriz de covarianza 3.3763137295841372\n",
      "Vector propio:\n",
      "[[ 0.09 ]\n",
      " [ 0.108]\n",
      " [ 0.164]\n",
      " [ 0.1  ]\n",
      " [ 0.325]\n",
      " [ 0.15 ]\n",
      " [ 0.132]\n",
      " [ 0.045]\n",
      " [ 0.189]\n",
      " [ 0.197]\n",
      " [ 0.513]\n",
      " [ 0.286]\n",
      " [ 0.146]\n",
      " [ 0.089]\n",
      " [ 0.193]\n",
      " [ 0.137]\n",
      " [ 0.131]\n",
      " [ 0.151]\n",
      " [ 0.03 ]\n",
      " [-0.228]\n",
      " [-0.102]\n",
      " [ 0.003]\n",
      " [ 0.147]\n",
      " [-0.245]\n",
      " [-0.322]\n",
      " [ 0.053]]\n",
      "Valor propio 3 de la matriz de covarianza 2.880887862457935\n",
      "Vector propio:\n",
      "[[-0.178]\n",
      " [-0.296]\n",
      " [ 0.194]\n",
      " [-0.467]\n",
      " [-0.14 ]\n",
      " [-0.199]\n",
      " [-0.218]\n",
      " [ 0.072]\n",
      " [-0.188]\n",
      " [ 0.315]\n",
      " [ 0.244]\n",
      " [ 0.352]\n",
      " [-0.004]\n",
      " [ 0.145]\n",
      " [-0.117]\n",
      " [-0.022]\n",
      " [ 0.056]\n",
      " [-0.064]\n",
      " [ 0.291]\n",
      " [ 0.022]\n",
      " [-0.009]\n",
      " [-0.144]\n",
      " [-0.139]\n",
      " [ 0.146]\n",
      " [ 0.057]\n",
      " [-0.046]]\n",
      "Valor propio 4 de la matriz de covarianza 2.414772851070287\n",
      "Vector propio:\n",
      "[[-0.055]\n",
      " [ 0.064]\n",
      " [-0.325]\n",
      " [-0.131]\n",
      " [-0.192]\n",
      " [ 0.048]\n",
      " [ 0.127]\n",
      " [ 0.07 ]\n",
      " [-0.011]\n",
      " [-0.201]\n",
      " [-0.227]\n",
      " [ 0.227]\n",
      " [-0.008]\n",
      " [ 0.174]\n",
      " [ 0.099]\n",
      " [ 0.016]\n",
      " [ 0.158]\n",
      " [-0.405]\n",
      " [-0.084]\n",
      " [-0.248]\n",
      " [-0.346]\n",
      " [-0.401]\n",
      " [-0.025]\n",
      " [-0.104]\n",
      " [-0.276]\n",
      " [-0.027]]\n",
      "Valor propio 5 de la matriz de covarianza 2.0990678028006404\n",
      "Vector propio:\n",
      "[[ 0.069]\n",
      " [-0.134]\n",
      " [-0.139]\n",
      " [ 0.111]\n",
      " [ 0.204]\n",
      " [-0.081]\n",
      " [ 0.03 ]\n",
      " [ 0.02 ]\n",
      " [ 0.061]\n",
      " [-0.284]\n",
      " [ 0.621]\n",
      " [-0.244]\n",
      " [-0.136]\n",
      " [ 0.017]\n",
      " [ 0.016]\n",
      " [-0.089]\n",
      " [-0.14 ]\n",
      " [-0.3  ]\n",
      " [-0.057]\n",
      " [ 0.002]\n",
      " [-0.11 ]\n",
      " [-0.238]\n",
      " [-0.227]\n",
      " [ 0.129]\n",
      " [ 0.28 ]\n",
      " [-0.108]]\n",
      "Valor propio 6 de la matriz de covarianza 1.9790891029090727\n",
      "Vector propio:\n",
      "[[-0.016]\n",
      " [-0.224]\n",
      " [-0.118]\n",
      " [ 0.362]\n",
      " [ 0.053]\n",
      " [-0.183]\n",
      " [-0.038]\n",
      " [-0.293]\n",
      " [-0.146]\n",
      " [-0.292]\n",
      " [-0.039]\n",
      " [ 0.474]\n",
      " [-0.188]\n",
      " [ 0.014]\n",
      " [ 0.049]\n",
      " [-0.289]\n",
      " [ 0.048]\n",
      " [ 0.219]\n",
      " [ 0.122]\n",
      " [ 0.013]\n",
      " [ 0.037]\n",
      " [ 0.14 ]\n",
      " [-0.172]\n",
      " [-0.174]\n",
      " [-0.072]\n",
      " [-0.275]]\n",
      "Valor propio 7 de la matriz de covarianza 1.936338543967859\n",
      "Vector propio:\n",
      "[[-0.06 ]\n",
      " [-0.075]\n",
      " [-0.027]\n",
      " [-0.174]\n",
      " [ 0.077]\n",
      " [ 0.037]\n",
      " [-0.076]\n",
      " [-0.069]\n",
      " [-0.016]\n",
      " [-0.125]\n",
      " [ 0.124]\n",
      " [ 0.011]\n",
      " [ 0.02 ]\n",
      " [-0.112]\n",
      " [-0.33 ]\n",
      " [-0.05 ]\n",
      " [ 0.024]\n",
      " [-0.567]\n",
      " [-0.073]\n",
      " [-0.061]\n",
      " [ 0.247]\n",
      " [ 0.518]\n",
      " [ 0.125]\n",
      " [-0.218]\n",
      " [-0.249]\n",
      " [-0.024]]\n",
      "Valor propio 8 de la matriz de covarianza 1.603723258072804\n",
      "Vector propio:\n",
      "[[-0.213]\n",
      " [ 0.079]\n",
      " [-0.317]\n",
      " [-0.437]\n",
      " [-0.296]\n",
      " [-0.008]\n",
      " [ 0.085]\n",
      " [ 0.097]\n",
      " [-0.056]\n",
      " [-0.338]\n",
      " [ 0.314]\n",
      " [-0.125]\n",
      " [-0.025]\n",
      " [-0.018]\n",
      " [ 0.062]\n",
      " [-0.024]\n",
      " [-0.007]\n",
      " [ 0.492]\n",
      " [-0.119]\n",
      " [-0.029]\n",
      " [ 0.012]\n",
      " [ 0.191]\n",
      " [ 0.033]\n",
      " [-0.059]\n",
      " [-0.129]\n",
      " [ 0.013]]\n",
      "Valor propio 9 de la matriz de covarianza 0.5711872357439244\n",
      "Vector propio:\n",
      "[[-0.017]\n",
      " [-0.024]\n",
      " [-0.004]\n",
      " [-0.005]\n",
      " [-0.023]\n",
      " [-0.014]\n",
      " [ 0.014]\n",
      " [ 0.073]\n",
      " [ 0.004]\n",
      " [-0.01 ]\n",
      " [-0.028]\n",
      " [-0.063]\n",
      " [ 0.651]\n",
      " [ 0.013]\n",
      " [-0.003]\n",
      " [ 0.026]\n",
      " [-0.109]\n",
      " [ 0.01 ]\n",
      " [-0.028]\n",
      " [ 0.028]\n",
      " [-0.034]\n",
      " [-0.009]\n",
      " [ 0.087]\n",
      " [ 0.023]\n",
      " [ 0.025]\n",
      " [-0.735]]\n",
      "Valor propio 10 de la matriz de covarianza 0.6662679037160131\n",
      "Vector propio:\n",
      "[[-0.017]\n",
      " [ 0.042]\n",
      " [ 0.052]\n",
      " [-0.033]\n",
      " [-0.017]\n",
      " [ 0.193]\n",
      " [-0.051]\n",
      " [ 0.141]\n",
      " [ 0.025]\n",
      " [ 0.062]\n",
      " [ 0.001]\n",
      " [ 0.031]\n",
      " [-0.652]\n",
      " [-0.01 ]\n",
      " [-0.014]\n",
      " [ 0.284]\n",
      " [ 0.066]\n",
      " [ 0.009]\n",
      " [-0.031]\n",
      " [-0.026]\n",
      " [-0.009]\n",
      " [ 0.004]\n",
      " [ 0.364]\n",
      " [ 0.03 ]\n",
      " [ 0.099]\n",
      " [-0.523]]\n",
      "Valor propio 11 de la matriz de covarianza 1.4863107823195807\n",
      "Vector propio:\n",
      "[[-0.183]\n",
      " [-0.104]\n",
      " [ 0.003]\n",
      " [-0.337]\n",
      " [ 0.442]\n",
      " [-0.039]\n",
      " [-0.178]\n",
      " [-0.101]\n",
      " [ 0.08 ]\n",
      " [-0.082]\n",
      " [-0.224]\n",
      " [-0.02 ]\n",
      " [-0.007]\n",
      " [ 0.129]\n",
      " [ 0.628]\n",
      " [ 0.13 ]\n",
      " [ 0.007]\n",
      " [-0.079]\n",
      " [-0.13 ]\n",
      " [-0.029]\n",
      " [ 0.053]\n",
      " [ 0.183]\n",
      " [-0.136]\n",
      " [-0.057]\n",
      " [ 0.173]\n",
      " [-0.022]]\n",
      "Valor propio 12 de la matriz de covarianza 1.4064225133151536\n",
      "Vector propio:\n",
      "[[ 0.083]\n",
      " [-0.244]\n",
      " [ 0.069]\n",
      " [ 0.166]\n",
      " [-0.469]\n",
      " [-0.159]\n",
      " [ 0.174]\n",
      " [ 0.072]\n",
      " [-0.072]\n",
      " [ 0.269]\n",
      " [ 0.075]\n",
      " [-0.287]\n",
      " [-0.105]\n",
      " [-0.026]\n",
      " [ 0.492]\n",
      " [-0.037]\n",
      " [-0.162]\n",
      " [-0.169]\n",
      " [ 0.145]\n",
      " [-0.115]\n",
      " [ 0.075]\n",
      " [ 0.14 ]\n",
      " [-0.048]\n",
      " [-0.241]\n",
      " [-0.148]\n",
      " [-0.058]]\n",
      "Valor propio 13 de la matriz de covarianza 1.357561476667125\n",
      "Vector propio:\n",
      "[[-0.738]\n",
      " [-0.008]\n",
      " [ 0.06 ]\n",
      " [ 0.401]\n",
      " [-0.155]\n",
      " [-0.006]\n",
      " [-0.138]\n",
      " [-0.134]\n",
      " [-0.078]\n",
      " [ 0.098]\n",
      " [ 0.137]\n",
      " [-0.043]\n",
      " [ 0.069]\n",
      " [ 0.119]\n",
      " [ 0.016]\n",
      " [ 0.148]\n",
      " [ 0.159]\n",
      " [-0.061]\n",
      " [-0.319]\n",
      " [ 0.025]\n",
      " [-0.029]\n",
      " [ 0.002]\n",
      " [ 0.064]\n",
      " [ 0.102]\n",
      " [ 0.001]\n",
      " [ 0.069]]\n",
      "Valor propio 14 de la matriz de covarianza 1.2836741502640272\n",
      "Vector propio:\n",
      "[[ 0.32 ]\n",
      " [ 0.417]\n",
      " [ 0.238]\n",
      " [-0.052]\n",
      " [-0.321]\n",
      " [ 0.042]\n",
      " [-0.468]\n",
      " [-0.304]\n",
      " [-0.155]\n",
      " [-0.116]\n",
      " [ 0.173]\n",
      " [ 0.156]\n",
      " [ 0.041]\n",
      " [-0.138]\n",
      " [ 0.235]\n",
      " [-0.   ]\n",
      " [-0.032]\n",
      " [-0.102]\n",
      " [-0.247]\n",
      " [ 0.042]\n",
      " [ 0.017]\n",
      " [-0.056]\n",
      " [-0.006]\n",
      " [ 0.049]\n",
      " [ 0.006]\n",
      " [-0.023]]\n",
      "Valor propio 15 de la matriz de covarianza 0.7839638806074484\n",
      "Vector propio:\n",
      "[[ 0.045]\n",
      " [-0.296]\n",
      " [ 0.051]\n",
      " [-0.008]\n",
      " [-0.005]\n",
      " [ 0.615]\n",
      " [-0.024]\n",
      " [ 0.063]\n",
      " [-0.331]\n",
      " [-0.006]\n",
      " [ 0.026]\n",
      " [-0.005]\n",
      " [ 0.048]\n",
      " [-0.023]\n",
      " [ 0.036]\n",
      " [-0.031]\n",
      " [-0.018]\n",
      " [-0.002]\n",
      " [-0.052]\n",
      " [ 0.42 ]\n",
      " [-0.402]\n",
      " [ 0.1  ]\n",
      " [-0.072]\n",
      " [-0.216]\n",
      " [ 0.04 ]\n",
      " [ 0.066]]\n",
      "Valor propio 16 de la matriz de covarianza 1.2273600500314397\n",
      "Vector propio:\n",
      "[[-0.317]\n",
      " [ 0.392]\n",
      " [-0.227]\n",
      " [-0.043]\n",
      " [ 0.163]\n",
      " [ 0.265]\n",
      " [-0.09 ]\n",
      " [-0.201]\n",
      " [-0.067]\n",
      " [ 0.195]\n",
      " [ 0.034]\n",
      " [-0.149]\n",
      " [-0.073]\n",
      " [-0.155]\n",
      " [ 0.107]\n",
      " [-0.294]\n",
      " [-0.174]\n",
      " [-0.064]\n",
      " [ 0.465]\n",
      " [ 0.11 ]\n",
      " [ 0.107]\n",
      " [-0.172]\n",
      " [-0.032]\n",
      " [-0.009]\n",
      " [-0.196]\n",
      " [-0.107]]\n",
      "Valor propio 17 de la matriz de covarianza 0.829698036870142\n",
      "Vector propio:\n",
      "[[-0.058]\n",
      " [ 0.056]\n",
      " [ 0.071]\n",
      " [-0.084]\n",
      " [-0.14 ]\n",
      " [-0.205]\n",
      " [-0.024]\n",
      " [-0.171]\n",
      " [ 0.666]\n",
      " [ 0.063]\n",
      " [ 0.   ]\n",
      " [-0.02 ]\n",
      " [-0.084]\n",
      " [-0.077]\n",
      " [-0.051]\n",
      " [-0.006]\n",
      " [ 0.074]\n",
      " [-0.031]\n",
      " [ 0.041]\n",
      " [ 0.441]\n",
      " [-0.402]\n",
      " [ 0.126]\n",
      " [-0.139]\n",
      " [-0.087]\n",
      " [-0.113]\n",
      " [-0.084]]\n",
      "Valor propio 18 de la matriz de covarianza 1.1665965467051034\n",
      "Vector propio:\n",
      "[[ 0.295]\n",
      " [-0.275]\n",
      " [-0.395]\n",
      " [ 0.032]\n",
      " [ 0.081]\n",
      " [-0.074]\n",
      " [-0.331]\n",
      " [-0.286]\n",
      " [-0.064]\n",
      " [ 0.159]\n",
      " [ 0.046]\n",
      " [-0.309]\n",
      " [ 0.029]\n",
      " [ 0.24 ]\n",
      " [-0.007]\n",
      " [ 0.106]\n",
      " [ 0.325]\n",
      " [ 0.085]\n",
      " [ 0.032]\n",
      " [ 0.104]\n",
      " [ 0.006]\n",
      " [-0.043]\n",
      " [ 0.206]\n",
      " [ 0.17 ]\n",
      " [-0.287]\n",
      " [-0.   ]]\n",
      "Valor propio 19 de la matriz de covarianza 0.8592159867509453\n",
      "Vector propio:\n",
      "[[-0.015]\n",
      " [ 0.122]\n",
      " [-0.171]\n",
      " [ 0.024]\n",
      " [-0.001]\n",
      " [-0.245]\n",
      " [-0.139]\n",
      " [ 0.094]\n",
      " [-0.032]\n",
      " [ 0.058]\n",
      " [ 0.042]\n",
      " [ 0.057]\n",
      " [ 0.078]\n",
      " [ 0.141]\n",
      " [ 0.053]\n",
      " [-0.316]\n",
      " [-0.01 ]\n",
      " [-0.061]\n",
      " [ 0.093]\n",
      " [ 0.053]\n",
      " [-0.214]\n",
      " [ 0.057]\n",
      " [ 0.586]\n",
      " [-0.32 ]\n",
      " [ 0.445]\n",
      " [ 0.145]]\n",
      "Valor propio 20 de la matriz de covarianza 0.882101241305686\n",
      "Vector propio:\n",
      "[[-0.021]\n",
      " [-0.304]\n",
      " [ 0.035]\n",
      " [-0.052]\n",
      " [-0.242]\n",
      " [ 0.469]\n",
      " [-0.078]\n",
      " [-0.315]\n",
      " [ 0.465]\n",
      " [-0.056]\n",
      " [-0.013]\n",
      " [ 0.043]\n",
      " [ 0.055]\n",
      " [ 0.183]\n",
      " [-0.033]\n",
      " [-0.195]\n",
      " [-0.161]\n",
      " [ 0.051]\n",
      " [ 0.041]\n",
      " [-0.319]\n",
      " [ 0.157]\n",
      " [-0.074]\n",
      " [ 0.133]\n",
      " [ 0.045]\n",
      " [ 0.194]\n",
      " [ 0.05 ]]\n",
      "Valor propio 21 de la matriz de covarianza 1.139639345746664\n",
      "Vector propio:\n",
      "[[ 0.099]\n",
      " [ 0.209]\n",
      " [-0.305]\n",
      " [-0.01 ]\n",
      " [-0.   ]\n",
      " [ 0.064]\n",
      " [ 0.003]\n",
      " [-0.071]\n",
      " [-0.052]\n",
      " [ 0.496]\n",
      " [ 0.006]\n",
      " [ 0.023]\n",
      " [-0.075]\n",
      " [ 0.148]\n",
      " [-0.158]\n",
      " [-0.121]\n",
      " [-0.049]\n",
      " [ 0.049]\n",
      " [-0.272]\n",
      " [-0.313]\n",
      " [-0.225]\n",
      " [ 0.319]\n",
      " [-0.38 ]\n",
      " [ 0.004]\n",
      " [ 0.2  ]\n",
      " [-0.118]]\n",
